1 2 3 4
8 9 10 -15
200 38958 12809 89209
2325399980654134623 -6839829709557859520 6629881883363003495 -5804173858739579475
-3879758753879951115 -186048604952171224 17968219734994122 5688486426469915734
881182986381962610 922331169374285129 -3079128093484189905 251117166033886596
-1112970964356956021 6732290335742699649 -1516437066183699524 5843169791474431883
6096752808920199263 6815893372718182430 5992616911767298477 -8811011396842591951
-2523148341195201457 4569568316369877710 -6146340908884229099 2757236870065498195
-8684670372193834972 -2455292834039136317 143954699484561316 -567936747733746871
7685131104177967952 6160169950913513502 2939406910832411474 5176027946379978146
-5224419732502344680 2018884223817483267 8955888345677892096 -5504682911160979470
-6380884000255963354 674414805627221490 4698673869840833098 3188560398463646144
3124499952545812933 4390143854040392800 6373806877365057382 7574024019381683835
6367198533292909231 -3380625564136707127 -8467891900714446357 -3587141590785481534
728084086224747525 6831528489463046376 2315023159530045179 713102753072912568
745070210027327260 -7923731393361713656 8291924344809468911 8928370481921652021
5025563505004364203 -1510591018705830550 7739508291452861255 3799209125449875530
8613557794328951223 4247867176962703625 -3229447032556166291 199814612943782282
-3258118775455401842 -6946992598535706910 5806399034258681931 -1898880682646250401
7377026646917421668 -96379702157362677 -6074765708655612491 -1797130616663993681
-8055662183852607623 1215585041540392409 -8491468911416352366 2627083564130452389
2653299092609717556 -5155707954588278558 -429856152354778218 -7721771282055445096
-3393760477415630564 -4677689106637806745 1314201162350119460 3991907483191491095
5486517418200100389 4930671004162118879 -4271505189611997598 -5555372795067049395
8060272993822319976 -5796894397671515212 8850128609767316368 100328712005946984
-8430533877584514423 2255441524425064442 -5494005942613476906 -6049599597946898722
-364891431977325743 -1558642294616802911 -8362248688343931990 -478086748027863450
-1548655356612195704 -5480465179263580608 -5266007370190794830 8973120810087906952
-3543370586321963235 -8959146284591345912 -1747961069454983105 -3092379253984824431
5435202465443458012 2112892676847358104 -8698560207089444559 -1748376652653070745
-3663902064096032441 2332104814117563878 -4871684936059070544 -3392118785902678164
834358974074031722 8167752943060143004 -2136638690115910470 83336345307817699
3726631529718523855 -2061529534490139137 -7154448681033043159 3778289209309742513
-8191583734720743591 2475371785061805754 -2436710055917450446 -4848401585090050961
1526013602380866654 -2253548596486456433 6747322708293815935 3796733904478763487
5557281355445358671 9192997521939442088 -1652411838479222033 -86982622282751020
1708928153675411230 1813761698167496274 -4628167576634149315 -1907393640878613952
5742832117540317127 -8796858866669717535 5593564487237649029 6456137762362514023
2649646454199161908 -5701766701140134138 8129717764117513879 -2348826800927990170
-6119922132228919256 -3466396740717701825 4891467751963313723 1501494427409050298
-1988609251298462013 4849252228263033482 3127164942645614562 -3582061609098734787
7465012012510712741 -6867979794264291067 3412105235612956698 5566880897468303877
5267841518400971317 6673661665935947207 -1514626400687092125 -4594396074122733879
6721581075321509585 8634664405784662475 2265199631420097594 6857423592698236421
8945349938071779241 -881802583592874447 1612567098638940416 -8726766815274463380
-2705282389982380430 -4901902005826428523 6281377965860600572 -3447086622888501677
9026270734291363589 -7574264369083851688 -6417896210930624292 -2951244850234140779
-2304517315670309273 -8227565754965658666 -6375110754166993513 5567729066426699835
8763219292781676228 -3783257111811496951 4518752814551356703 -7038185490350238474
-52685508359407182 -1887213714518236550 -4976916952409685457 -2782424449695985317
-1811981739851305074 -7423841279530470387 1994209848963376224 6411341156429470479
1198975220047594457 -1974702779611323956 5722376022533382803 577916740949237309
6295560302669338811 -6666487842756546310 5567634879061690171 -5338143567015176773
-78080930607272137 9004036445219415722 3260032864576619244 8022005408553035183
-2567878298405186356 5257652281119051644 -7104764660346734799 -2662857476862350226
-2738163287319640047 85381626214203651 -214896674449162701 8551471641106430060
-4759640527009755447 4364358740004141399 -4788774953228963913 -5427353525265984238
-8304171249643425843 6083620800508031026 8091183444736187897 4427000021338895402
-570670923814047695 -5020695162854039943 -19496684297058275 4318338822643894897
-677705686410605795 2168797508987268530 1698497917106059684 4549492366928178206
1715040188915153063 3615093148170766064 -8842236103776771255 -6945879283150898640
-3976464902511792029 -1073935208335554146 -3231212421581888496 3761631298891615451
3468727141110924308 -8037093185698965233 3824147195488688502 1899239846987270039
7204467806676542972 4493731268972664471 -758063825135955792 1872024406923892198
-1299977523096675263 4228123033195676993 4863811536058263425 6620008198125544077
-8710719251970298728 3238062388033429008 -5489235156810251381 8367762590725574700
-5175285376602124862 5009373375527697210 8231272878609274171 -4576921960531070130
-4400982698277111869 -1705767735379772597 2049990387628342044 -5258579448688195123
8924310682305209087 349694459214400134 6648582835414565031 -9153310292860097878
-6292164204577898671 -3745106426039975824 146261682938732776 8776528941709826020
1326543655955197960 8289035908502266842 -5499992019758953555 -5826292134965125992
3141620403308020197 -9117658533275942352 -1780993491315517968 2131658614218473
3567723393082141111 -8899875972202844771 3079330797705998286 -1922356271038709208
-8869350081987058617 4327726854174642920 -4774080118017171670 5595851185081580892
-1335051321086508798 2372970650099039901 -786267794454658756 -6202494339888198455
4912266647044859827 778556483382216099 1808883887107844255 9212231922432042810
-5167463476872620563 3253927767120553926 3069788611990122148 5388602538317221468
-1909308837921161462 -6126013000344631698 -6969811551867507243 1854967641951910677
-1228353011828021927 -7288912512334611743 -2090264407006532907 7035224921434340564
736689489311094337 3965537497357637338 4576930443314674653 895004401132270597
-90957130659251144 -5902966283720123118 5717481097919071000 -3514252665550245069
7343152873666292067 1471034553679611459 -3206488215290574721 219359825720381986
-3566434543284749444 -2876504096357450057 4999068730392297429 -3563859847260200619
1256435960515032913 -6683288833925410480 1161557643356899343 3799348897078595134
-4222213381507261802 -5227078818194833222 -8356542268448639935 7784242135924627212
-8461186002222891337 1504754032243932590 133058879737056818 4966736471848882778
-3815141225298754520 2587397343647231153 7876608632713905441 -1980548214923611304
-1046193852532758229 -871246807600494220 -5450335433951621451 797282663063459243
4396692641048967415 3603808761892591706 7231800813312049689 2023078586867624989
-5046120075972373346 545122547023690896 -1801297783338338074 -9055408648607473911
7600864066884443204 -6466951489503521152 7144919780789049635 4480855247886478457
8119841194176165853 -6472366406993775754 7075665229816621631 -2290982546658586154
9081563839563397449 1800355135772571345 -2476227488916857817 -1543221613365201973
-8035138420806549261 -4887416294932852888 -122907386930719226 -3296812493398577580
-6733295564687492494 -4343451181768911201 9117098601767195967 -2230015831457452050
-8908599912221720871 7275789714011579997 -2006991958742332083 -7924546593684972365
-3363894808140390220 -7656747728294406461 -3022696711685636820 -3987219312081352635
2904881081206057577 -1609350463471729702 -6011869951780752819 1362087900119823925
7953447683263833933 -6606997338365679426 1511704682427439131 7609711988616704331
