6406283142148875465
3878004675906357746
2789451146791642561
-1176638928426581246
-4597858107084185968
8280726165217265426
5449202466796360856
6506304233245431534
-217417904516192134
-6426023636794798161
3089678474579296518
205646327860039947
402846137126924222
-8885076362066153087
8177488410190040169
8403464239720727152
6860524470644406278
-6046667376416370558
4285862409524378338
-232581918816445599
-1871761150138080631
-3579357591189423079
-5175901752013859607
7724686418760927001
-1759272930450214942
2782136720210101222
-1118701425335539037
-2262608904901134871
-4450793029903686244
5888946525300584793
4687652656126023594
-1941549911197402773
7580200500559447320
-7240942817255696594
-4359712822887991956
4557191026262344963
6463904313208379870
-6654242850531694287
-5106595623210060676
8509581613226534805
7865189366054244468
-2908656849660369206
-2235483268806747133
4457911931319499809
5586954373124719437
-669002882200413320
2013395831440187624
1909208457447923981
1847778226185656796
7618784147472558877
-2924846994990290232
190082093187744216
5115663833150047638
2048463599520082957
8859714913993842159
-2180602073233688734
6013944245134376059
-6811649526029444581
4467736936906553854
-1502752630307486476
7724002711909637776
-99782972279239094
4519276471601311037
609693496074901331
-1675685773251529578
8734777610585059246
-5534197509977532763
568509493896793988
-2303886042387240654
1084846605705538288
3159981832707579709
-4935507679733726513
6704090599559580383
20055281628027667
-3928116564233339979
1022606344504886284
-6416140233045917657
468408907727438450
8071030386912321411
-6062264598100454659
7327289491763414472
-1601221202918375455
5517485055717132095
4917870197323953515
6090073097499241895
-2432702014878868875
-8731697171394561785
-8799209361041395928
-562753558547902533
2471240350919767783
-5247046296065295344
-1495307332970151265
-4662739101614597360
8794431877510869501
7364318763579141697
3366116752184632348
-4801323588860336362
-3470128021743049426
1276859587797691816
3512653831289369605
