8916083784723941925 23 41
2200695239867195707 28 5
-6017000257237007937 51 34
3282558768645878220 3 42
2862359589002101182 17 60
275613926719660142 28 31
-1004698825476435070 7 27
-4864177599546053076 47 41
-9208296330201371854 39 39
-3344691840518880657 19 17
-7951275415808868059 32 58
2183025961834742474 55 49
7997931710236555768 28 35
-5216308703622356817 22 36
3395065503646671185 37 50
-6965256629939354462 49 2
6495675574437280851 5 31
2065603789498948583 39 17
-4449648480736883488 57 61
7912953329251734357 24 39
4457921235319909918 8 36
8776021343074616910 5 18
-4171869798930509389 13 0
-6752303656387511045 24 48
-2879770078496740329 9 57
-1442108612962968842 55 44
1603699164345169806 9 12
2494261268192442025 50 52
6648092220582862939 31 42
-7940493745205765618 22 56
-3848346290747535155 50 21
8532257117527882505 54 30
3343535010018379864 24 25
3392596242794713186 13 17
-4242690226089813708 23 20
2335555358263128717 27 25
-8363187109882927133 44 23
7102237005891562162 5 37
1011727360866121198 55 17
8305982438911386086 19 36
-5382432243909550948 45 38
-9142856560142964260 18 63
-1160456662685451653 49 6
8183211268276274241 18 4
-8209082118969752468 61 46
8232859271918495471 5 1
2598798651906173901 59 8
-6807707820253013212 54 50
-6585330941239808644 54 62
7849906851680415114 62 7
-3663049428502307413 34 8
1360798512700035031 39 20
8405674506840013226 51 13
-2925599658264443681 39 16
-6209162313743782154 57 4
7528168206916050457 29 39
-1737277999401892336 39 21
-4226091387879201760 37 17
-32643247749983449 7 49
-3368368976853990222 11 3
6869108513302110591 30 42
7946224546347017743 53 2
-2597030300056718234 53 30
-570768115752014273 20 55
-7349385562803133277 44 12
1657733678500899737 18 56
7234074473961942998 14 61
5426413364384149067 36 21
3629387898907075264 12 54
8042084781541149202 2 4
4112630760651367148 9 58
8476772517518882944 14 25
1526887172865086855 50 32
7235774937939277855 57 36
4583004955488867656 41 7
5275793358470022084 7 11
-5350854180190741515 17 41
5896733363225561632 36 10
-1374660829385049373 62 34
233286039306373726 0 4
-1951364715262728419 41 7
8306062625460275550 42 35
-775108103149724819 57 25
6256733885663257520 22 10
1618083349521129087 38 18
423174773670048712 2 21
-4597673345877204416 16 23
-6919660227179621356 6 39
2779824647819171902 34 17
1465531075537083222 33 62
1194858817769088529 34 48
-2146613886962118428 59 48
1437409520519012437 60 53
-321089677856284263 52 46
6949179341247905032 51 3
-1851469693484500186 18 7
8732593758623438714 46 18
9113650504766468472 5 62
1303019499111541636 19 37
4281497906176928504 15 4
