-4917658893869518957 46
6610859592770444393 29
-9046180066184587525 19
7502082652198110178 61
-5967264998959139432 42
8256942508958113281 63
654508325253011003 19
2736503764025428563 23
-6654090212865339171 10
-4928225480827604125 44
-3458194655977687023 11
3200491261467997625 5
-6680030100954513479 43
2864229608247508402 27
5500265200945845931 6
3328736586462867668 46
-4568051047378066330 61
4108192731717182598 64
1944743275852756784 54
2908641707238835701 4
2109169704343840683 60
4881787656903235881 42
4895027252345605264 58
8331455857538890243 1
2679321215810086668 62
4153002587409861370 64
5313771503571720738 27
-5261577528019358300 49
2052715612450536420 6
-1885947345489870377 31
-1563357334919087022 31
-752087400022358069 46
7739731723619475593 20
-5978421807876811414 26
-8738007870840186556 59
-6796048353135519873 38
3377394394753198887 28
-8388008805199544292 44
2550431450638503457 52
-37643384729717525 60
-2387712165628332310 47
-7963337984567258182 18
-7246488417961427496 18
-305704040671670948 49
-7171073651271239396 11
834077134808335824 21
6283956280948578952 1
-7663709978476136371 33
-196760730049708883 25
7461472563674651959 39
4936652950934853398 38
2032862067307822140 15
6273625990782453226 50
-2805151022753152801 54
2832860399334019569 51
7902112657562642638 36
2743462387291049900 60
-385968129085221213 43
-2542844010596258167 20
7491148670920498149 61
-4863071147425082365 39
534282125173868752 21
3584091924455200658 14
6303169816828907728 25
-8518461036436143011 4
-8706701816847503817 3
-166120470903157977 62
5428140364305427028 32
4108794563972645019 50
-6181717594806111897 56
-5403181339369395486 30
8246957543487688429 5
-4019058775314519097 41
-4646636743202880317 21
-5631419567483451160 44
-8154036720788735322 47
-3659116800828982728 37
-5654107816416048358 10
527209041470041983 49
-7550505463849251408 36
8530199516348230088 60
1750009815431848924 54
-2283550720550549614 17
-2216938664742427011 61
5436695049194473247 21
-4372019548328500756 5
358540590991143795 13
6055301345689509302 37
7777811679557985710 23
47906235088838067 17
4298953391269666931 45
-5635585562883113185 21
7686899320111780093 45
6925677439352811618 64
3226547339120201810 45
-2067123428844055479 8
478314053614993681 7
4415570311701108105 45
-487741516166051813 20
-5071973555196758538 4
