27036886598 17745786
338403680 21161212
3493836350 1138167639110
1627 0
60734178684 106002
205003347379 148530103935
1111021 6186884
242445122790 0
1126951360513 0
75775419 140940862525
2471474289333 6587872033
3071719162812 1214
2712659423795 669592835
848404954855 0
378274067649 540
5778211566 0
3417599410086 0
2681728426 0
1245 448095608
17945863143 1889433771
19880971431 42455004
2510980543 0
24846 10020577942
310041529294 2303
121541740270 1299953524218
3130597144909 0
179721122041 745844158913
442 63552
586 0
59225 0
1687383031540 229023907440
7519471 -146121
3900858 0
296 2644914498102
2844662753128 53938601007
33986836 126292213245
186457111689 0
304254 0
150226895 461814514
67992549 1362985636729
146402940539 20079314
5471243 55440
1775889607641 338527903
0 0
21447369604 519540444
36825 0
5272378647 0
102499712078 0
50637679481 1
1837666350158 621
737242 9769281829
27184690178 1108828193
1047671973176 1120603722963
1398527674273 19
305642431467 13219215
16013132693 650845786
114039115 0
404009614 0
1770161891290 127476631165
0 -116156
83803148155 2109350755
1188481647 913873109908
138375982 73428
1305152957 579061946
212707816266 4445
145316941011 15396237909
287322263095 550768429
8455870 15465979097
2766249940794 47847
13305 47960414179
3856171 60256288853
97955 0
246147910598 -202308
1 0
1090052 474197
13769794580 0
508626239283 0
4898172436 329722122
64 2167977697196
59053937352 76026
170139304712 343656967244
22755 23185776537
174484789 0
260789733 731360070
871152 108
396375104 0
2710562001786 8990697890
212530914 841
2201306510 35849733
90412163228 17752657
816383704082 1016
702277468745 0
3278868962 34371274042
6732 0
497826294705 9321
404129668458 0
2379650944 190822300
416362800319 2847256959102
1846484574 0
897547697507 30507819341
