-5817182107989551086 -4907054322948826780
2620883737880185221 8908206682415781981
-1072695970682394429 8178263513306414294
-8334094011682963569 -515246470676704735
7979854344756037245 6464881086530197703
-5893828253167962317 -2664102665987385308
1204432486319894460 3868373376199476133
3920918660400253992 3954680134001708031
9039741841110021680 -152226529757520726
-7001849678444058185 -2986869216239587635
-7352808570731778063 8353471530338173845
-6405483117812554748 -3224158379241095614
-35238002749175858 8325400085809046553
-1139571892158375393 364400118608081045
5002501476336147335 6522074010305392011
-3031095863931916859 -5809944647769566314
-2091946154135735531 7161740153199298539
4356383117727442191 -6091309292773967496
8968760277918741940 -7350461191244839083
5320411227593218821 -132402317373160485
2631406238568230031 185408305341746030
-389802504312512365 -7622327931100125134
5188831930470730555 5372342349269587057
5130713839344317665 -3139793299134095977
4479614186872717118 4676096710428612575
4596251349627380939 -2716416002499143941
3742399334043084098 -790943355670769778
-2544905743991895475 -6760279098974974874
3673497248536009878 8644058681191050900
-8736689289618768924 -8019321353691966284
-4687845882875479570 2446942139338507491
4710462948048836983 2704333314061461266
5571220784609296576 5990591244650926316
2344442449540477484 -6683632651390344155
-212544729358678838 -7705258099750084689
6957764446823396850 1471146127617802653
-5653236007074312845 6921393440606002822
-6923078102830501966 3994257813433379693
627202821671535185 6070323475739715347
7444679910476497650 4026744099839190455
-1460278786074555744 -3831460751734181169
1077901604588350814 -1080615344443291053
702989529639531502 -7604954569557970159
8370013213820776731 -6651117252350977841
2835528852064036597 8711851308305488334
-7750232239197853186 -6461664124681104879
-3648024163514574573 -9098491419045425161
-273373475994288382 8800309854635069252
6587904185123481577 8138144153425213762
525182043554000682 -5372514267409294999
5374099880809558669 -5220920201510023043
1054045637821821673 2162585069524499949
1488012211844758339 8268315129313488524
-4342677201663252863 -8283926853364159519
-1499506228115638130 -1312067915790296646
1410532266038503018 7204251893390576830
3031801045181645716 6517837631295924436
-3868783499862751403 2284869136824661556
-8618706721243851160 -1184846980254605990
-7765861527217360901 -7126139804257684001
-4114386531628881175 4771007114588495735
4735643215272248871 712731628654940881
7704820349557627839 -854213303753528309
332662994508671087 7507174573996445088
4908717704442156303 1665641572209086514
3630135823353535878 3820423043571114082
-8815388089363052892 -3689645792228325839
2178214257927158511 4991426435383454725
6960583457534475158 -3684585639867789751
6944686268461893463 -4946968985475335555
-2956792887852879395 1827823697690113759
8113791746449387877 -5598818545347400915
2822776848586106560 -3855367138866270414
3659236337739000202 4698229226062908948
-5616751023008813700 -1053501894220929815
6179493527297325583 1282427660483860741
929412351066100813 -4729312467694897292
-6479768593807478720 -6453394019056014960
-1140164609157956053 -9114571635458001860
5744145434605645317 -6596872559924084158
-8107929228100447068 -8119258278938192544
-3622150792082263596 -6608776729872464936
8291837911271733040 4994491156823846960
-4433424440796462699 8795713614595787035
-7733163631463843519 -4692565694589113153
7804571226865294734 -4210943855994739401
2454754224745678861 -327814584477842968
1151527079343996633 -4031833625544970598
5005138730725213574 -513530785897159772
-5281405413108270019 8498238405114252428
-7271573171154370273 6626950328604775396
-2426124553696614164 1569555816413611719
-7307513596210598644 2625088929242471434
1851081424628283187 -7046744068161596947
-2550483017509246475 -1518331962066739168
-7967572517052514374 5499091950714989783
-3059829858485103335 -7628664802017802274
4977564046373762659 -3587117053203895037
-432779106299644752 -7074059991932726718
3444654111317714174 919742377797995471
